1563109135876 51.9118, 7.7240866666666665
1563109136876 51.895133333333334, 7.740753333333333
1563109137875 51.87846666666667, 7.75742
1563109138875 51.8618, 7.774086666666666
1563109139875 51.87846666666667, 7.75742
1563109140874 51.895133333333334, 7.740753333333333
1563109141874 51.9118, 7.7240866666666665
1563109142873 51.928466666666665, 7.70742
1563109143872 51.9118, 7.7240866666666665
1563109144871 51.895133333333334, 7.740753333333333
1563109145871 51.87846666666667, 7.75742
1563109146870 51.8618, 7.774086666666666
1563109147869 51.87846666666667, 7.75742
1563109148869 51.895133333333334, 7.740753333333333
1563109149868 51.9118, 7.7240866666666665
1563109150867 51.928466666666665, 7.70742
1563109151867 51.9118, 7.7240866666666665
1563109152866 51.895133333333334, 7.740753333333333
1563109153865 51.87846666666667, 7.75742
1563109154865 51.8618, 7.774086666666666
1563109155864 51.87846666666667, 7.75742
1563109156863 51.895133333333334, 7.740753333333333
1563109157863 51.9118, 7.7240866666666665
1563109158862 51.928466666666665, 7.70742
1563109159861 51.9118, 7.7240866666666665
1563109160861 51.895133333333334, 7.740753333333333
1563109161860 51.87846666666667, 7.75742
1563109162859 51.8618, 7.774086666666666
1563109163858 51.87846666666667, 7.75742
1563109164858 51.895133333333334, 7.740753333333333
1563109165857 51.9118, 7.7240866666666665
1563109166856 51.928466666666665, 7.70742
1563109167856 51.9118, 7.7240866666666665
1563109168855 51.895133333333334, 7.740753333333333
1563109169855 51.87846666666667, 7.75742
1563109170854 51.8618, 7.774086666666666
1563109171853 51.87846666666667, 7.75742
1563109172853 51.895133333333334, 7.740753333333333
1563109173851 51.9118, 7.7240866666666665
1563109174851 51.928466666666665, 7.70742
1563109175850 51.9118, 7.7240866666666665
1563109176850 51.895133333333334, 7.740753333333333
1563109177849 51.87846666666667, 7.75742
1563109178849 51.8618, 7.774086666666666
1563109179848 51.87846666666667, 7.75742
1563109180847 51.895133333333334, 7.740753333333333
1563109181846 51.9118, 7.7240866666666665
1563109182846 51.928466666666665, 7.70742
1563109183845 51.9118, 7.7240866666666665
1563109184844 51.895133333333334, 7.740753333333333
1563109185844 51.87846666666667, 7.75742
1563109186843 51.8618, 7.774086666666666
1563109187842 51.87846666666667, 7.75742
1563109188842 51.895133333333334, 7.740753333333333
1563109189841 51.9118, 7.7240866666666665
1563109190840 51.928466666666665, 7.70742
1563109191840 51.9118, 7.7240866666666665
1563109192839 51.895133333333334, 7.740753333333333
1563109193838 51.87846666666667, 7.75742
1563109194838 51.8618, 7.774086666666666
1563109195837 51.87846666666667, 7.75742
1563109196836 51.895133333333334, 7.740753333333333
1563109197835 51.9118, 7.7240866666666665
1563109198835 51.928466666666665, 7.70742
1563109199834 51.9118, 7.7240866666666665
1563109200833 51.895133333333334, 7.740753333333333
1563109201832 51.87846666666667, 7.75742
1563109202832 51.8618, 7.774086666666666
1563109203831 51.87846666666667, 7.75742
1563109204830 51.895133333333334, 7.740753333333333
1563109205830 51.9118, 7.7240866666666665
1563109206829 51.928466666666665, 7.70742
1563109207829 51.9118, 7.7240866666666665
1563109208828 51.895133333333334, 7.740753333333333
1563109209827 51.87846666666667, 7.75742
1563109210826 51.8618, 7.774086666666666
1563109211825 51.87846666666667, 7.75742
1563109212825 51.895133333333334, 7.740753333333333
1563109213825 51.9118, 7.7240866666666665
1563109214824 51.928466666666665, 7.70742
1563109215823 51.9118, 7.7240866666666665
1563109216822 51.895133333333334, 7.740753333333333
1563109217821 51.87846666666667, 7.75742
1563109218821 51.8618, 7.774086666666666
1563109219825 51.87846666666667, 7.75742
1563109220820 51.895133333333334, 7.740753333333333
1563109221819 51.9118, 7.7240866666666665
1563109222818 51.928466666666665, 7.70742
1563109223818 51.9118, 7.7240866666666665
1563109224817 51.895133333333334, 7.740753333333333
1563109225816 51.87846666666667, 7.75742
1563109226815 51.8618, 7.774086666666666
1563109227815 51.87846666666667, 7.75742
1563109228814 51.895133333333334, 7.740753333333333
1563109229814 51.9118, 7.7240866666666665
1563109230813 51.928466666666665, 7.70742
1563109231812 51.9118, 7.7240866666666665
1563109232812 51.895133333333334, 7.740753333333333
1563109233811 51.87846666666667, 7.75742
1563109234810 51.8618, 7.774086666666666
1563109235810 51.87846666666667, 7.75742
1563109236809 51.895133333333334, 7.740753333333333
1563109237808 51.9118, 7.7240866666666665
1563109238808 51.928466666666665, 7.70742
1563109239807 51.9118, 7.7240866666666665
1563109240806 51.895133333333334, 7.740753333333333
1563109241805 51.87846666666667, 7.75742
1563109242805 51.8618, 7.774086666666666
1563109243804 51.87846666666667, 7.75742
1563109244804 51.895133333333334, 7.740753333333333
1563109245803 51.9118, 7.7240866666666665
1563109246802 51.928466666666665, 7.70742
1563109247801 51.9118, 7.7240866666666665
1563109248801 51.895133333333334, 7.740753333333333
1563109249800 51.87846666666667, 7.75742
1563109250800 51.8618, 7.774086666666666
1563109251799 51.87846666666667, 7.75742
1563109252798 51.895133333333334, 7.740753333333333
1563109253798 51.9118, 7.7240866666666665
1563109254797 51.928466666666665, 7.70742
1563109255796 51.9118, 7.7240866666666665
1563109256795 51.895133333333334, 7.740753333333333
1563109257794 51.87846666666667, 7.75742
1563109258794 51.8618, 7.774086666666666
1563109259793 51.87846666666667, 7.75742
1563109260792 51.895133333333334, 7.740753333333333
1563109261792 51.9118, 7.7240866666666665
1563109262791 51.928466666666665, 7.70742
1563109263790 51.9118, 7.7240866666666665
1563109264790 51.895133333333334, 7.740753333333333
1563109265789 51.87846666666667, 7.75742
1563109266788 51.8618, 7.774086666666666
1563109267788 51.87846666666667, 7.75742
1563109268787 51.895133333333334, 7.740753333333333
1563109269786 51.9118, 7.7240866666666665
1563109270786 51.928466666666665, 7.70742
1563109271785 51.9118, 7.7240866666666665
1563109272785 51.895133333333334, 7.740753333333333
1563109273783 51.87846666666667, 7.75742
1563109274783 51.8618, 7.774086666666666
1563109275782 51.87846666666667, 7.75742
1563109276782 51.895133333333334, 7.740753333333333
1563109277781 51.9118, 7.7240866666666665
1563109278780 51.928466666666665, 7.70742
1563109279779 51.9118, 7.7240866666666665
1563109280779 51.895133333333334, 7.740753333333333
1563109281778 51.87846666666667, 7.75742
1563109282778 51.8618, 7.774086666666666
1563109283777 51.87846666666667, 7.75742
1563109284776 51.895133333333334, 7.740753333333333
1563109285775 51.9118, 7.7240866666666665
1563109286775 51.928466666666665, 7.70742
1563109287774 51.9118, 7.7240866666666665
1563109288773 51.895133333333334, 7.740753333333333
1563109289773 51.87846666666667, 7.75742
1563109290772 51.8618, 7.774086666666666
1563109291772 51.87846666666667, 7.75742
1563109292771 51.895133333333334, 7.740753333333333
1563109293770 51.9118, 7.7240866666666665
1563109294769 51.928466666666665, 7.70742
1563109295768 51.9118, 7.7240866666666665
1563109296768 51.895133333333334, 7.740753333333333
1563109297768 51.87846666666667, 7.75742
1563109298767 51.8618, 7.774086666666666
1563109299766 51.87846666666667, 7.75742
1563109300766 51.895133333333334, 7.740753333333333
1563109301765 51.9118, 7.7240866666666665
1563109302764 51.928466666666665, 7.70742
1563109303763 51.9118, 7.7240866666666665
1563109304763 51.895133333333334, 7.740753333333333
1563109305762 51.87846666666667, 7.75742
1563109306761 51.8618, 7.774086666666666
1563109307761 51.87846666666667, 7.75742
1563109308760 51.895133333333334, 7.740753333333333
1563109309759 51.9118, 7.7240866666666665
1563109310758 51.928466666666665, 7.70742
1563109311757 51.9118, 7.7240866666666665
1563109312757 51.895133333333334, 7.740753333333333
1563109313756 51.87846666666667, 7.75742
1563109314756 51.8618, 7.774086666666666
1563109315755 51.87846666666667, 7.75742
1563109316754 51.895133333333334, 7.740753333333333
1563109317754 51.9118, 7.7240866666666665
1563109318753 51.928466666666665, 7.70742
1563109319752 51.9118, 7.7240866666666665
1563109320752 51.895133333333334, 7.740753333333333
1563109321751 51.87846666666667, 7.75742
1563109322751 51.8618, 7.774086666666666
1563109323750 51.87846666666667, 7.75742
1563109324749 51.895133333333334, 7.740753333333333
1563109325748 51.9118, 7.7240866666666665
1563109326748 51.928466666666665, 7.70742
1563109327748 51.9118, 7.7240866666666665
1563109328747 51.895133333333334, 7.740753333333333
1563109329746 51.87846666666667, 7.75742
1563109330745 51.8618, 7.774086666666666
1563109331745 51.87846666666667, 7.75742
1563109332744 51.895133333333334, 7.740753333333333
1563109333743 51.9118, 7.7240866666666665
1563109334743 51.928466666666665, 7.70742
1563109335742 51.9118, 7.7240866666666665
1563109336741 51.895133333333334, 7.740753333333333
1563109337741 51.87846666666667, 7.75742
1563109338740 51.8618, 7.774086666666666
1563109339739 51.87846666666667, 7.75742
1563109340739 51.895133333333334, 7.740753333333333
1563109341738 51.9118, 7.7240866666666665
1563109342737 51.928466666666665, 7.70742
1563109343737 51.9118, 7.7240866666666665
1563109344736 51.895133333333334, 7.740753333333333
1563109345735 51.87846666666667, 7.75742
1563109346734 51.8618, 7.774086666666666
1563109347734 51.87846666666667, 7.75742
1563109348733 51.895133333333334, 7.740753333333333
1563109349733 51.9118, 7.7240866666666665
1563109350732 51.928466666666665, 7.70742
1563109351731 51.9118, 7.7240866666666665
1563109352731 51.895133333333334, 7.740753333333333
1563109353730 51.87846666666667, 7.75742
1563109354729 51.8618, 7.774086666666666
1563109355728 51.87846666666667, 7.75742
1563109356728 51.895133333333334, 7.740753333333333
1563109357727 51.9118, 7.7240866666666665
1563109358726 51.928466666666665, 7.70742
1563109359726 51.9118, 7.7240866666666665
1563109360725 51.895133333333334, 7.740753333333333
1563109361724 51.87846666666667, 7.75742
1563109652735 51.928466666666665, 7.70742
1563109653734 51.9118, 7.7240866666666665
1563109654733 51.895133333333334, 7.740753333333333
1563109655733 51.87846666666667, 7.75742
1563109656732 51.8618, 7.774086666666666
1563109657731 51.87846666666667, 7.75742
1563109658731 51.895133333333334, 7.740753333333333
1563109659730 51.9118, 7.7240866666666665
1563109660729 51.928466666666665, 7.70742
1563109661728 51.9118, 7.7240866666666665
1563109662728 51.895133333333334, 7.740753333333333
1563109663727 51.87846666666667, 7.75742
1563109664727 51.8618, 7.774086666666666
1563109665726 51.87846666666667, 7.75742
1563109666725 51.895133333333334, 7.740753333333333
1563109667724 51.9118, 7.7240866666666665
1563109668724 51.928466666666665, 7.70742
1563109669723 51.9118, 7.7240866666666665
1563109670723 51.895133333333334, 7.740753333333333
1563109671722 51.87846666666667, 7.75742
1563109672721 51.8618, 7.774086666666666
1563109673721 51.87846666666667, 7.75742
1563109674720 51.895133333333334, 7.740753333333333
1563109675719 51.9118, 7.7240866666666665
1563109676719 51.928466666666665, 7.70742
1563109677718 51.9118, 7.7240866666666665
1563109678717 51.895133333333334, 7.740753333333333
1563109679716 51.87846666666667, 7.75742
1563109680716 51.8618, 7.774086666666666
1563109681715 51.87846666666667, 7.75742
1563109682715 51.895133333333334, 7.740753333333333
1563109683714 51.9118, 7.7240866666666665
1563109684713 51.928466666666665, 7.70742
1563109685712 51.9118, 7.7240866666666665
1563109686712 51.895133333333334, 7.740753333333333
1563109687711 51.87846666666667, 7.75742
1563109688711 51.8618, 7.774086666666666
1563109689710 51.87846666666667, 7.75742
1563109690709 51.895133333333334, 7.740753333333333
1563109691708 51.9118, 7.7240866666666665
1563109705749 51.928466666666665, 7.70742
1563109714536 51.928466666666665, 7.70742
1563109751926 51.928466666666665, 7.70742
1563109802506 51.928466666666665, 7.70742
1563109878206 51.928466666666665, 7.70742
1563109879203 51.9118, 7.7240866666666665
1563109880202 51.895133333333334, 7.740753333333333
1563109881202 51.87846666666667, 7.75742
1563109882201 51.8618, 7.774086666666666
1563109883201 51.87846666666667, 7.75742
1563109884200 51.895133333333334, 7.740753333333333
1563109885199 51.9118, 7.7240866666666665
1563109886198 51.928466666666665, 7.70742
1563109887198 51.9118, 7.7240866666666665
1563109888197 51.895133333333334, 7.740753333333333
1563109889196 51.87846666666667, 7.75742
1563109892402 51.928466666666665, 7.70742
1563110295539 51.928466666666665, 7.70742
1563110296537 51.9118, 7.7240866666666665
1563110297536 51.895133333333334, 7.740753333333333
1563110298536 51.87846666666667, 7.75742
1563110299535 51.8618, 7.774086666666666
1563110300534 51.87846666666667, 7.75742
1563110301534 51.895133333333334, 7.740753333333333
1563110302533 51.9118, 7.7240866666666665
1563110303532 51.928466666666665, 7.70742
1563110304531 51.9118, 7.7240866666666665
1563110305531 51.895133333333334, 7.740753333333333
1563110306530 51.87846666666667, 7.75742
1563110307530 51.8618, 7.774086666666666
1563110308529 51.87846666666667, 7.75742
1563110309528 51.895133333333334, 7.740753333333333
1563110310527 51.9118, 7.7240866666666665
1563110311527 51.928466666666665, 7.70742
1563110312526 51.9118, 7.7240866666666665
1563110313525 51.895133333333334, 7.740753333333333
1563110314524 51.87846666666667, 7.75742
1563110315524 51.8618, 7.774086666666666
1563110316524 51.87846666666667, 7.75742
1563110317522 51.895133333333334, 7.740753333333333
1563110318522 51.9118, 7.7240866666666665
1563110319521 51.928466666666665, 7.70742
1563110320520 51.9118, 7.7240866666666665
1563110321520 51.895133333333334, 7.740753333333333
1563110322519 51.87846666666667, 7.75742
1563110326173 51.928466666666665, 7.70742
1563110327171 51.9118, 7.7240866666666665
1563110328170 51.895133333333334, 7.740753333333333
1563110329169 51.87846666666667, 7.75742
1563110330168 51.8618, 7.774086666666666
1563110331167 51.87846666666667, 7.75742
1563110332167 51.895133333333334, 7.740753333333333
1563110333166 51.9118, 7.7240866666666665
1563110334166 51.928466666666665, 7.70742
1563110335165 51.9118, 7.7240866666666665
1563110336164 51.895133333333334, 7.740753333333333
1563110337163 51.87846666666667, 7.75742
1563110338163 51.8618, 7.774086666666666
1563110339162 51.87846666666667, 7.75742
1563110340161 51.895133333333334, 7.740753333333333
1563110341161 51.9118, 7.7240866666666665
1563110342160 51.928466666666665, 7.70742
1563110343160 51.9118, 7.7240866666666665
1563110344159 51.895133333333334, 7.740753333333333
1563110345158 51.87846666666667, 7.75742
1563110346157 51.8618, 7.774086666666666
1563110347156 51.87846666666667, 7.75742
1563110348156 51.895133333333334, 7.740753333333333
1563110349155 51.9118, 7.7240866666666665
1563110350154 51.928466666666665, 7.70742
1563110351154 51.9118, 7.7240866666666665
1563110352153 51.895133333333334, 7.740753333333333
1563110353153 51.87846666666667, 7.75742
1563110354152 51.8618, 7.774086666666666
1563110355151 51.87846666666667, 7.75742
1563110356151 51.895133333333334, 7.740753333333333
1563110357150 51.9118, 7.7240866666666665
1563110358149 51.928466666666665, 7.70742
1563110359149 51.9118, 7.7240866666666665
1563110360148 51.895133333333334, 7.740753333333333
1563110361147 51.87846666666667, 7.75742
1563110362147 51.8618, 7.774086666666666
1563110363146 51.87846666666667, 7.75742
1563110364145 51.895133333333334, 7.740753333333333
1563110365145 51.9118, 7.7240866666666665
1563110366144 51.928466666666665, 7.70742
1563110367143 51.9118, 7.7240866666666665
1563110368142 51.895133333333334, 7.740753333333333
1563110369141 51.87846666666667, 7.75742
1563110370141 51.8618, 7.774086666666666
1563110371141 51.87846666666667, 7.75742
1563110372140 51.895133333333334, 7.740753333333333
1563110373139 51.9118, 7.7240866666666665
1563110374138 51.928466666666665, 7.70742
1563110375138 51.9118, 7.7240866666666665
1563110376137 51.895133333333334, 7.740753333333333
1563110377136 51.87846666666667, 7.75742
1563110378135 51.8618, 7.774086666666666
1563110379135 51.87846666666667, 7.75742
1563110380134 51.895133333333334, 7.740753333333333
1563110381134 51.9118, 7.7240866666666665
1563110382133 51.928466666666665, 7.70742
1563110383132 51.9118, 7.7240866666666665
1563110384132 51.895133333333334, 7.740753333333333
1563110385131 51.87846666666667, 7.75742
1563110386130 51.8618, 7.774086666666666
1563110384711 51.87846666666667, 7.75742
1563110385710 51.895133333333334, 7.740753333333333
1563110386710 51.9118, 7.7240866666666665
1563110387709 51.928466666666665, 7.70742
1563110388708 51.9118, 7.7240866666666665
1563110389708 51.895133333333334, 7.740753333333333
1563110390707 51.87846666666667, 7.75742
1563110391706 51.8618, 7.774086666666666
1563110392705 51.87846666666667, 7.75742
1563095990980 51.895133333333334, 7.740753333333333
1563095991979 51.9118, 7.7240866666666665
1563095992979 51.928466666666665, 7.70742
1563095993978 51.9118, 7.7240866666666665
1563095994977 51.895133333333334, 7.740753333333333
1563095995977 51.87846666666667, 7.75742
1563095996976 51.8618, 7.774086666666666
1563095997975 51.87846666666667, 7.75742
1563095998975 51.895133333333334, 7.740753333333333
1563095999974 51.9118, 7.7240866666666665
1563096000973 51.928466666666665, 7.70742
1563096001972 51.9118, 7.7240866666666665
1563096002972 51.895133333333334, 7.740753333333333
1563096003971 51.87846666666667, 7.75742
1563096004971 51.8618, 7.774086666666666
1563096005970 51.87846666666667, 7.75742
1563096006969 51.895133333333334, 7.740753333333333
1563096007968 51.9118, 7.7240866666666665
1563096008968 51.928466666666665, 7.70742
1563096009967 51.9118, 7.7240866666666665
1563096010967 51.895133333333334, 7.740753333333333
1563096011966 51.87846666666667, 7.75742
1563096012965 51.8618, 7.774086666666666
1563096013964 51.87846666666667, 7.75742
1563096014964 51.895133333333334, 7.740753333333333
1563096015963 51.9118, 7.7240866666666665
1563096016962 51.928466666666665, 7.70742
1563096017962 51.9118, 7.7240866666666665
1563096018961 51.895133333333334, 7.740753333333333
1563096019961 51.87846666666667, 7.75742
1563096020960 51.8618, 7.774086666666666
1563096021959 51.87846666666667, 7.75742
1563096022958 51.895133333333334, 7.740753333333333
1563096023958 51.9118, 7.7240866666666665
1563096024957 51.928466666666665, 7.70742
1563096025956 51.9118, 7.7240866666666665
1563096026956 51.895133333333334, 7.740753333333333
1563096027955 51.87846666666667, 7.75742
1563096028954 51.8618, 7.774086666666666
1563096029954 51.87846666666667, 7.75742
1563096030953 51.895133333333334, 7.740753333333333
1563096031952 51.9118, 7.7240866666666665
1563096032952 51.928466666666665, 7.70742
1563096033951 51.9118, 7.7240866666666665
1563096034950 51.895133333333334, 7.740753333333333
1563096035949 51.87846666666667, 7.75742
1563096036949 51.8618, 7.774086666666666
1563096037948 51.87846666666667, 7.75742
1563096038947 51.895133333333334, 7.740753333333333
1563096039947 51.9118, 7.7240866666666665
1563096040946 51.928466666666665, 7.70742
1563096041945 51.9118, 7.7240866666666665
1563096042945 51.895133333333334, 7.740753333333333
1563096043944 51.87846666666667, 7.75742
1563096044944 51.8618, 7.774086666666666
1563096045943 51.87846666666667, 7.75742
1563096046942 51.895133333333334, 7.740753333333333
1563096047941 51.9118, 7.7240866666666665
1563096048941 51.928466666666665, 7.70742
1563096049940 51.9118, 7.7240866666666665
1563096050939 51.895133333333334, 7.740753333333333
1563110454680 51.87846666666667, 7.75742
1563110455680 51.8618, 7.774086666666666
1563110456679 51.87846666666667, 7.75742
1563110457678 51.895133333333334, 7.740753333333333
1563110458678 51.9118, 7.7240866666666665
1563110459677 51.928466666666665, 7.70742
1563110460676 51.9118, 7.7240866666666665
1563110461676 51.895133333333334, 7.740753333333333
1563110462675 51.87846666666667, 7.75742
1563110463674 51.8618, 7.774086666666666
1563110464674 51.87846666666667, 7.75742
1563110465673 51.895133333333334, 7.740753333333333
1563110466672 51.9118, 7.7240866666666665
1563110467672 51.928466666666665, 7.70742
1563110468671 51.9118, 7.7240866666666665
1563110469670 51.895133333333334, 7.740753333333333
1563110470669 51.87846666666667, 7.75742
1563110471669 51.8618, 7.774086666666666
1563110472668 51.87846666666667, 7.75742
1563110473668 51.895133333333334, 7.740753333333333
1563110474667 51.9118, 7.7240866666666665
1563110475666 51.928466666666665, 7.70742
1563110476666 51.9118, 7.7240866666666665
1563110477665 51.895133333333334, 7.740753333333333
1563110478664 51.87846666666667, 7.75742
1563110479663 51.8618, 7.774086666666666
1563110480663 51.87846666666667, 7.75742
1563110481662 51.895133333333334, 7.740753333333333
1563110482662 51.9118, 7.7240866666666665
1563110483661 51.928466666666665, 7.70742
1563110484660 51.9118, 7.7240866666666665
1563110485659 51.895133333333334, 7.740753333333333
1563110486659 51.87846666666667, 7.75742
1563110487658 51.8618, 7.774086666666666
1563110488657 51.87846666666667, 7.75742
1563110489657 51.895133333333334, 7.740753333333333
1563110490656 51.9118, 7.7240866666666665
1563110491655 51.928466666666665, 7.70742
1563110492668 51.9118, 7.7240866666666665
1563110493654 51.895133333333334, 7.740753333333333
1563110494654 51.87846666666667, 7.75742
1563110495655 51.8618, 7.774086666666666
1563110496652 51.87846666666667, 7.75742
1563110497651 51.895133333333334, 7.740753333333333
1563110498651 51.9118, 7.7240866666666665
1563110499650 51.928466666666665, 7.70742
1563110500649 51.9118, 7.7240866666666665
1563110501649 51.895133333333334, 7.740753333333333
1563110502648 51.87846666666667, 7.75742
1563110503647 51.8618, 7.774086666666666
1563110504646 51.87846666666667, 7.75742
1563110505646 51.895133333333334, 7.740753333333333
1563110506645 51.9118, 7.7240866666666665
1563110507645 51.928466666666665, 7.70742
1563110508644 51.9118, 7.7240866666666665
1563110509643 51.895133333333334, 7.740753333333333
1563110510642 51.87846666666667, 7.75742
1563110511642 51.8618, 7.774086666666666
1563110512641 51.87846666666667, 7.75742
1563110513640 51.895133333333334, 7.740753333333333
1563110514640 51.9118, 7.7240866666666665
1563110515639 51.928466666666665, 7.70742
1563110516638 51.9118, 7.7240866666666665
1563110517638 51.895133333333334, 7.740753333333333
1563110518637 51.87846666666667, 7.75742
1563110519636 51.8618, 7.774086666666666
1563110520635 51.87846666666667, 7.75742
1563110521635 51.895133333333334, 7.740753333333333
1563110522634 51.9118, 7.7240866666666665
1563110523633 51.928466666666665, 7.70742
1563110524633 51.9118, 7.7240866666666665
1563110525632 51.895133333333334, 7.740753333333333
1563110526631 51.87846666666667, 7.75742
1563110527630 51.8618, 7.774086666666666
1563110528630 51.87846666666667, 7.75742
1563110529629 51.895133333333334, 7.740753333333333
1563110530629 51.9118, 7.7240866666666665
1563110531628 51.928466666666665, 7.70742
1563110532627 51.9118, 7.7240866666666665
1563110533627 51.895133333333334, 7.740753333333333
1563110534626 51.87846666666667, 7.75742
1563110535625 51.8618, 7.774086666666666
1563110536625 51.87846666666667, 7.75742
1563110537624 51.895133333333334, 7.740753333333333
1563110538623 51.9118, 7.7240866666666665
1563110539622 51.928466666666665, 7.70742
1563110540622 51.9118, 7.7240866666666665
1563110541621 51.895133333333334, 7.740753333333333
1563110542621 51.87846666666667, 7.75742
1563110543620 51.8618, 7.774086666666666
1563110544619 51.87846666666667, 7.75742
1563110545618 51.895133333333334, 7.740753333333333
2019-07-14T13:22:28.220Z 51.928466666666665, 7.70742
2019-07-14T13:22:29.218Z 51.9118, 7.7240866666666665
2019-07-14T13:22:30.217Z 51.895133333333334, 7.740753333333333
2019-07-14T13:22:31.216Z 51.87846666666667, 7.75742
2019-07-14T13:22:32.216Z 51.8618, 7.774086666666666
2019-07-14T13:22:33.215Z 51.87846666666667, 7.75742
2019-07-14T13:22:34.214Z 51.895133333333334, 7.740753333333333
2019-07-14T13:22:35.213Z 51.9118, 7.7240866666666665
2019-07-14T13:22:36.213Z 51.928466666666665, 7.70742
2019-07-14T13:22:37.212Z 51.9118, 7.7240866666666665
2019-07-14T13:22:38.211Z 51.895133333333334, 7.740753333333333
2019-07-14T13:22:39.211Z 51.87846666666667, 7.75742
2019-07-14T13:22:40.210Z 51.8618, 7.774086666666666
2019-07-14T13:22:41.209Z 51.87846666666667, 7.75742
2019-07-14T13:22:42.209Z 51.895133333333334, 7.740753333333333
2019-07-14T13:22:43.208Z 51.9118, 7.7240866666666665
2019-07-14T13:22:44.207Z 51.928466666666665, 7.70742
2019-07-14T13:22:45.207Z 51.9118, 7.7240866666666665
2019-07-14T13:22:46.206Z 51.895133333333334, 7.740753333333333
2019-07-14T13:22:47.205Z 51.87846666666667, 7.75742
2019-07-14T13:22:48.205Z 51.8618, 7.774086666666666
2019-07-14T13:22:49.204Z 51.87846666666667, 7.75742
2019-07-14T13:22:50.203Z 51.895133333333334, 7.740753333333333
2019-07-14T13:22:51.202Z 51.9118, 7.7240866666666665
2019-07-14T13:22:52.202Z 51.928466666666665, 7.70742
2019-07-14T13:22:53.201Z 51.9118, 7.7240866666666665
2019-07-14T13:22:54.201Z 51.895133333333334, 7.740753333333333
2019-07-14T13:22:55.200Z 51.87846666666667, 7.75742
2019-07-14T13:22:56.199Z 51.8618, 7.774086666666666
2019-07-14T13:22:57.199Z 51.87846666666667, 7.75742
2019-07-14T13:22:58.198Z 51.895133333333334, 7.740753333333333
2019-07-14T13:22:59.197Z 51.9118, 7.7240866666666665
2019-07-14T13:23:00.196Z 51.928466666666665, 7.70742
2019-07-14T13:23:01.196Z 51.9118, 7.7240866666666665
2019-07-14T13:23:02.195Z 51.895133333333334, 7.740753333333333
2019-07-14T13:23:03.194Z 51.87846666666667, 7.75742
2019-07-14T13:23:04.194Z 51.8618, 7.774086666666666
2019-07-14T13:23:05.193Z 51.87846666666667, 7.75742
2019-07-14T13:23:06.192Z 51.895133333333334, 7.740753333333333
2019-07-14T13:23:07.192Z 51.9118, 7.7240866666666665
2019-07-14T13:23:08.191Z 51.928466666666665, 7.70742
2019-07-14T13:23:09.190Z 51.9118, 7.7240866666666665
2019-07-14T13:23:10.189Z 51.895133333333334, 7.740753333333333
2019-07-14T13:23:11.189Z 51.87846666666667, 7.75742
2019-07-14T13:23:12.188Z 51.8618, 7.774086666666666
2019-07-14T13:23:13.188Z 51.87846666666667, 7.75742
2019-07-14T13:23:14.187Z 51.895133333333334, 7.740753333333333
2019-07-14T13:23:15.186Z 51.9118, 7.7240866666666665
2019-07-14T13:23:16.185Z 51.928466666666665, 7.70742
2019-07-14T13:23:17.185Z 51.9118, 7.7240866666666665
2019-07-14T13:23:18.184Z 51.895133333333334, 7.740753333333333
2019-07-14T13:23:19.184Z 51.87846666666667, 7.75742
2019-07-14T13:23:20.183Z 51.8618, 7.774086666666666
2019-07-14T13:23:21.182Z 51.87846666666667, 7.75742
2019-07-14T13:23:22.182Z 51.895133333333334, 7.740753333333333
2019-07-14T13:23:23.181Z 51.9118, 7.7240866666666665
2019-07-14T13:23:24.180Z 51.928466666666665, 7.70742
2019-07-14T13:23:25.179Z 51.9118, 7.7240866666666665
2019-07-14T13:23:26.179Z 51.895133333333334, 7.740753333333333
2019-07-14T13:23:27.178Z 51.87846666666667, 7.75742
2019-07-14T13:23:28.178Z 51.8618, 7.774086666666666
2019-07-14T13:23:29.177Z 51.87846666666667, 7.75742
2019-07-14T13:23:30.176Z 51.895133333333334, 7.740753333333333
2019-07-14T13:23:31.175Z 51.9118, 7.7240866666666665
2019-07-14T13:23:32.175Z 51.928466666666665, 7.70742
2019-07-14T13:23:33.174Z 51.9118, 7.7240866666666665
2019-07-14T13:23:34.173Z 51.895133333333334, 7.740753333333333
2019-07-14T13:23:35.172Z 51.87846666666667, 7.75742
2019-07-14T13:23:36.172Z 51.8618, 7.774086666666666
2019-07-14T13:23:37.171Z 51.87846666666667, 7.75742
2019-07-14T13:23:38.170Z 51.895133333333334, 7.740753333333333
2019-07-14T13:23:39.170Z 51.9118, 7.7240866666666665
2019-07-14T13:23:40.169Z 51.928466666666665, 7.70742
2019-07-14T13:23:41.168Z 51.9118, 7.7240866666666665
2019-07-14T13:23:42.168Z 51.895133333333334, 7.740753333333333
2019-07-14T13:23:43.167Z 51.87846666666667, 7.75742
2019-07-14T13:23:44.167Z 51.8618, 7.774086666666666
2019-07-14T13:23:45.166Z 51.87846666666667, 7.75742
2019-07-14T13:23:46.165Z 51.895133333333334, 7.740753333333333
2019-07-14T13:23:47.164Z 51.9118, 7.7240866666666665
2019-07-14T13:23:48.164Z 51.928466666666665, 7.70742
2019-07-14T13:23:49.163Z 51.9118, 7.7240866666666665
2019-07-14T13:23:50.162Z 51.895133333333334, 7.740753333333333
2019-07-14T13:23:51.162Z 51.87846666666667, 7.75742
2019-07-14T13:23:52.161Z 51.8618, 7.774086666666666
2019-07-14T13:23:53.161Z 51.87846666666667, 7.75742
2019-07-14T13:23:54.160Z 51.895133333333334, 7.740753333333333
2019-07-14T13:23:55.159Z 51.9118, 7.7240866666666665
2019-07-14T13:23:56.158Z 51.928466666666665, 7.70742
2019-07-14T13:23:57.158Z 51.9118, 7.7240866666666665
2019-07-14T13:23:58.157Z 51.895133333333334, 7.740753333333333
2019-07-14T13:23:59.156Z 51.87846666666667, 7.75742
2019-07-14T13:24:00.155Z 51.8618, 7.774086666666666
2019-07-14T13:24:01.155Z 51.87846666666667, 7.75742
2019-07-14T13:24:02.154Z 51.895133333333334, 7.740753333333333
2019-07-14T13:24:03.154Z 51.9118, 7.7240866666666665
2019-07-14T13:24:04.156Z 51.928466666666665, 7.70742
2019-07-14T13:24:05.152Z 51.9118, 7.7240866666666665
2019-07-14T13:24:06.152Z 51.895133333333334, 7.740753333333333
2019-07-14T13:24:07.157Z 51.87846666666667, 7.75742
2019-07-14T13:24:08.150Z 51.8618, 7.774086666666666
2019-07-14T13:24:09.149Z 51.87846666666667, 7.75742
2019-07-14T13:24:10.149Z 51.895133333333334, 7.740753333333333
2019-07-14T13:24:11.148Z 51.9118, 7.7240866666666665
2019-07-14T13:24:12.147Z 51.928466666666665, 7.70742
2019-07-14T13:24:13.147Z 51.9118, 7.7240866666666665
2019-07-14T13:24:14.146Z 51.895133333333334, 7.740753333333333
2019-07-14T13:24:15.145Z 51.87846666666667, 7.75742
2019-07-14T13:24:16.145Z 51.8618, 7.774086666666666
2019-07-14T13:24:17.144Z 51.87846666666667, 7.75742
2019-07-14T13:24:18.143Z 51.895133333333334, 7.740753333333333
2019-07-14T13:24:19.143Z 51.9118, 7.7240866666666665
2019-07-14T13:24:20.142Z 51.928466666666665, 7.70742
2019-07-14T13:24:21.141Z 51.9118, 7.7240866666666665
2019-07-14T13:24:22.141Z 51.895133333333334, 7.740753333333333
2019-07-14T13:24:23.140Z 51.87846666666667, 7.75742
2019-07-14T13:24:24.139Z 51.8618, 7.774086666666666
2019-07-14T13:24:25.138Z 51.87846666666667, 7.75742
2019-07-14T13:24:26.138Z 51.895133333333334, 7.740753333333333
2019-07-14T13:24:27.137Z 51.9118, 7.7240866666666665
2019-07-14T13:24:28.137Z 51.928466666666665, 7.70742
2019-07-14T13:24:29.136Z 51.9118, 7.7240866666666665
2019-07-14T13:24:30.135Z 51.895133333333334, 7.740753333333333
2019-07-14T13:24:31.135Z 51.87846666666667, 7.75742
2019-07-14T13:24:32.134Z 51.8618, 7.774086666666666
2019-07-14T13:24:33.133Z 51.87846666666667, 7.75742
2019-07-14T13:24:34.132Z 51.895133333333334, 7.740753333333333
2019-07-14T13:24:35.132Z 51.9118, 7.7240866666666665
2019-07-14T13:24:36.131Z 51.928466666666665, 7.70742
2019-07-14T13:24:37.130Z 51.9118, 7.7240866666666665
2019-07-14T13:24:38.130Z 51.895133333333334, 7.740753333333333
2019-07-14T13:24:39.129Z 51.87846666666667, 7.75742
2019-07-14T13:24:40.128Z 51.8618, 7.774086666666666
2019-07-14T13:24:41.128Z 51.87846666666667, 7.75742
2019-07-14T13:24:42.127Z 51.895133333333334, 7.740753333333333
2019-07-14T13:24:43.126Z 51.9118, 7.7240866666666665
2019-07-14T13:24:44.125Z 51.928466666666665, 7.70742
2019-07-14T13:24:45.125Z 51.9118, 7.7240866666666665
2019-07-14T13:24:46.124Z 51.895133333333334, 7.740753333333333
2019-07-14T13:24:47.124Z 51.87846666666667, 7.75742
2019-07-14T13:24:48.123Z 51.8618, 7.774086666666666
2019-07-14T13:24:49.122Z 51.87846666666667, 7.75742
2019-07-14T13:24:50.122Z 51.895133333333334, 7.740753333333333
2019-07-14T13:24:51.121Z 51.9118, 7.7240866666666665
2019-07-14T13:24:52.120Z 51.928466666666665, 7.70742
2019-07-14T13:24:53.119Z 51.9118, 7.7240866666666665
2019-07-14T13:24:54.119Z 51.895133333333334, 7.740753333333333
2019-07-14T13:24:55.118Z 51.87846666666667, 7.75742
2019-07-14T13:24:56.118Z 51.8618, 7.774086666666666
2019-07-14T13:24:57.117Z 51.87846666666667, 7.75742
2019-07-14T13:24:58.116Z 51.895133333333334, 7.740753333333333
2019-07-14T13:24:59.116Z 51.9118, 7.7240866666666665
2019-07-14T13:25:00.115Z 51.928466666666665, 7.70742
2019-07-14T13:25:01.114Z 51.9118, 7.7240866666666665
2019-07-14T13:25:02.113Z 51.895133333333334, 7.740753333333333
2019-07-14T13:25:03.113Z 51.87846666666667, 7.75742
2019-07-14T13:25:04.112Z 51.8618, 7.774086666666666
2019-07-14T13:25:05.112Z 51.87846666666667, 7.75742
2019-07-14T13:25:06.111Z 51.895133333333334, 7.740753333333333
2019-07-14T13:25:07.110Z 51.9118, 7.7240866666666665
2019-07-14T13:25:08.109Z 51.928466666666665, 7.70742
2019-07-14T13:25:09.109Z 51.9118, 7.7240866666666665
2019-07-14T13:25:10.108Z 51.895133333333334, 7.740753333333333
2019-07-14T13:25:11.107Z 51.87846666666667, 7.75742
2019-07-14T13:25:12.107Z 51.8618, 7.774086666666666
2019-07-14T13:25:13.106Z 51.87846666666667, 7.75742
2019-07-14T13:25:14.105Z 51.895133333333334, 7.740753333333333
2019-07-14T13:25:15.105Z 51.9118, 7.7240866666666665
2019-07-14T13:25:16.104Z 51.928466666666665, 7.70742
2019-07-14T13:25:17.103Z 51.9118, 7.7240866666666665
2019-07-14T13:25:18.102Z 51.895133333333334, 7.740753333333333
2019-07-14T13:25:19.102Z 51.87846666666667, 7.75742
2019-07-14T13:25:20.101Z 51.8618, 7.774086666666666
2019-07-14T13:25:21.100Z 51.87846666666667, 7.75742
2019-07-14T13:25:22.100Z 51.895133333333334, 7.740753333333333
2019-07-14T13:25:23.099Z 51.9118, 7.7240866666666665
2019-07-14T13:25:24.099Z 51.928466666666665, 7.70742
2019-07-14T13:25:25.098Z 51.9118, 7.7240866666666665
2019-07-14T13:25:26.097Z 51.895133333333334, 7.740753333333333
2019-07-14T13:25:27.096Z 51.87846666666667, 7.75742
2019-07-14T13:25:28.096Z 51.8618, 7.774086666666666
2019-07-14T13:25:29.095Z 51.87846666666667, 7.75742
2019-07-14T13:25:30.094Z 51.895133333333334, 7.740753333333333
2019-07-14T13:25:31.094Z 51.9118, 7.7240866666666665
2019-07-14T13:25:32.094Z 51.928466666666665, 7.70742
2019-07-14T13:25:33.093Z 51.9118, 7.7240866666666665
2019-07-14T13:25:34.092Z 51.895133333333334, 7.740753333333333
2019-07-14T13:25:35.092Z 51.87846666666667, 7.75742
2019-07-14T13:25:36.091Z 51.8618, 7.774086666666666
2019-07-14T13:25:37.090Z 51.87846666666667, 7.75742
2019-07-14T13:25:38.089Z 51.895133333333334, 7.740753333333333
2019-07-14T13:25:39.089Z 51.9118, 7.7240866666666665
2019-07-14T13:25:40.088Z 51.928466666666665, 7.70742
2019-07-14T13:25:41.088Z 51.9118, 7.7240866666666665
2019-07-14T13:25:42.087Z 51.895133333333334, 7.740753333333333
2019-07-14T13:25:43.086Z 51.87846666666667, 7.75742
2019-07-14T13:25:44.085Z 51.8618, 7.774086666666666
2019-07-14T13:25:45.085Z 51.87846666666667, 7.75742
2019-07-14T13:25:46.084Z 51.895133333333334, 7.740753333333333
2019-07-14T13:25:47.083Z 51.9118, 7.7240866666666665
2019-07-14T13:25:48.083Z 51.928466666666665, 7.70742
2019-07-14T13:25:49.082Z 51.9118, 7.7240866666666665
2019-07-14T13:25:50.081Z 51.895133333333334, 7.740753333333333
2019-07-14T13:25:51.081Z 51.87846666666667, 7.75742
2019-07-14T13:25:52.080Z 51.8618, 7.774086666666666
2019-07-14T13:25:53.079Z 51.87846666666667, 7.75742
2019-07-14T13:25:54.079Z 51.895133333333334, 7.740753333333333
2019-07-14T13:25:55.078Z 51.9118, 7.7240866666666665
2019-07-14T13:25:56.077Z 51.928466666666665, 7.70742
2019-07-14T13:25:57.076Z 51.9118, 7.7240866666666665
2019-07-14T13:25:58.076Z 51.895133333333334, 7.740753333333333
2019-07-14T13:25:59.075Z 51.87846666666667, 7.75742
2019-07-14T13:26:00.075Z 51.8618, 7.774086666666666
2019-07-14T13:26:01.074Z 51.87846666666667, 7.75742
2019-07-14T13:26:02.073Z 51.895133333333334, 7.740753333333333
2019-07-14T13:26:03.072Z 51.9118, 7.7240866666666665
2019-07-14T13:26:04.072Z 51.928466666666665, 7.70742
2019-07-14T13:26:05.071Z 51.9118, 7.7240866666666665
2019-07-14T13:26:06.070Z 51.895133333333334, 7.740753333333333
2019-07-14T13:26:07.070Z 51.87846666666667, 7.75742
2019-07-14T13:26:08.069Z 51.8618, 7.774086666666666
2019-07-14T13:26:09.069Z 51.87846666666667, 7.75742
2019-07-14T13:26:10.068Z 51.895133333333334, 7.740753333333333
2019-07-14T13:26:11.067Z 51.9118, 7.7240866666666665
2019-07-14T13:26:12.066Z 51.928466666666665, 7.70742
2019-07-14T13:26:13.066Z 51.9118, 7.7240866666666665
2019-07-14T13:26:14.065Z 51.895133333333334, 7.740753333333333
2019-07-14T13:26:15.064Z 51.87846666666667, 7.75742
2019-07-14T13:26:16.064Z 51.8618, 7.774086666666666
2019-07-14T13:26:17.063Z 51.87846666666667, 7.75742
2019-07-14T13:26:18.062Z 51.895133333333334, 7.740753333333333
2019-07-14T13:26:19.062Z 51.9118, 7.7240866666666665
2019-07-14T13:26:20.061Z 51.928466666666665, 7.70742
2019-07-14T13:26:21.060Z 51.9118, 7.7240866666666665
2019-07-14T13:26:22.059Z 51.895133333333334, 7.740753333333333
2019-07-14T13:26:23.059Z 51.87846666666667, 7.75742
2019-07-14T13:26:24.059Z 51.8618, 7.774086666666666
2019-07-14T13:26:25.057Z 51.87846666666667, 7.75742
2019-07-14T13:26:26.057Z 51.895133333333334, 7.740753333333333
2019-07-14T13:26:27.056Z 51.9118, 7.7240866666666665
2019-07-14T13:26:28.055Z 51.928466666666665, 7.70742
2019-07-14T13:26:29.055Z 51.9118, 7.7240866666666665
2019-07-14T13:26:30.054Z 51.895133333333334, 7.740753333333333
2019-07-14T13:26:31.053Z 51.87846666666667, 7.75742
2019-07-14T13:26:32.052Z 51.8618, 7.774086666666666
2019-07-14T13:26:33.052Z 51.87846666666667, 7.75742
2019-07-14T13:26:34.051Z 51.895133333333334, 7.740753333333333
2019-07-14T13:26:35.050Z 51.9118, 7.7240866666666665
2019-07-14T13:26:36.050Z 51.928466666666665, 7.70742
2019-07-14T13:26:37.049Z 51.9118, 7.7240866666666665
2019-07-14T13:26:38.048Z 51.895133333333334, 7.740753333333333
2019-07-14T13:26:39.048Z 51.87846666666667, 7.75742
2019-07-14T13:26:40.047Z 51.8618, 7.774086666666666
2019-07-14T13:26:41.046Z 51.87846666666667, 7.75742
2019-07-14T13:26:42.046Z 51.895133333333334, 7.740753333333333
2019-07-14T13:26:43.045Z 51.9118, 7.7240866666666665
2019-07-14T13:26:44.044Z 51.928466666666665, 7.70742
2019-07-14T13:26:45.044Z 51.9118, 7.7240866666666665
2019-07-14T13:26:46.043Z 51.895133333333334, 7.740753333333333
2019-07-14T13:26:47.042Z 51.87846666666667, 7.75742
2019-07-14T13:26:48.041Z 51.8618, 7.774086666666666
2019-07-14T13:26:49.041Z 51.87846666666667, 7.75742
2019-07-14T13:26:50.040Z 51.895133333333334, 7.740753333333333
2019-07-14T13:26:51.039Z 51.9118, 7.7240866666666665
2019-07-14T13:26:52.039Z 51.928466666666665, 7.70742
2019-07-14T13:26:53.038Z 51.9118, 7.7240866666666665
2019-07-14T13:26:54.038Z 51.895133333333334, 7.740753333333333
2019-07-14T13:26:55.037Z 51.87846666666667, 7.75742
2019-07-14T13:26:56.036Z 51.8618, 7.774086666666666
2019-07-14T13:26:57.035Z 51.87846666666667, 7.75742
2019-07-14T13:26:58.035Z 51.895133333333334, 7.740753333333333
2019-07-14T13:26:59.034Z 51.9118, 7.7240866666666665
2019-07-14T13:27:00.033Z 51.928466666666665, 7.70742
2019-07-14T13:27:01.033Z 51.9118, 7.7240866666666665
2019-07-14T13:27:02.032Z 51.895133333333334, 7.740753333333333
2019-07-14T13:27:03.031Z 51.87846666666667, 7.75742
2019-07-14T13:27:04.031Z 51.8618, 7.774086666666666
2019-07-14T13:27:05.030Z 51.87846666666667, 7.75742
2019-07-14T13:27:06.029Z 51.895133333333334, 7.740753333333333
2019-07-14T13:27:07.029Z 51.9118, 7.7240866666666665
2019-07-14T13:27:08.028Z 51.928466666666665, 7.70742
2019-07-14T13:27:09.027Z 51.9118, 7.7240866666666665
2019-07-14T13:27:10.026Z 51.895133333333334, 7.740753333333333
2019-07-14T13:27:11.026Z 51.87846666666667, 7.75742
2019-07-14T13:27:12.025Z 51.8618, 7.774086666666666
2019-07-14T13:27:13.025Z 51.87846666666667, 7.75742
2019-07-14T13:27:14.024Z 51.895133333333334, 7.740753333333333
2019-07-14T13:27:15.023Z 51.9118, 7.7240866666666665
2019-07-14T13:27:16.022Z 51.928466666666665, 7.70742
2019-07-14T13:27:17.022Z 51.9118, 7.7240866666666665
2019-07-14T13:27:18.021Z 51.895133333333334, 7.740753333333333
2019-07-14T13:27:19.020Z 51.87846666666667, 7.75742
2019-07-14T13:27:20.020Z 51.8618, 7.774086666666666
2019-07-14T13:27:21.019Z 51.87846666666667, 7.75742
2019-07-14T13:27:22.018Z 51.895133333333334, 7.740753333333333
2019-07-14T13:27:23.018Z 51.9118, 7.7240866666666665
2019-07-14T13:27:24.017Z 51.928466666666665, 7.70742
2019-07-14T13:27:25.017Z 51.9118, 7.7240866666666665
2019-07-14T13:27:26.016Z 51.895133333333334, 7.740753333333333
2019-07-14T13:27:27.015Z 51.87846666666667, 7.75742
2019-07-14T13:27:28.014Z 51.8618, 7.774086666666666
2019-07-14T13:27:29.014Z 51.87846666666667, 7.75742
2019-07-14T13:27:30.014Z 51.895133333333334, 7.740753333333333
2019-07-14T13:27:31.012Z 51.9118, 7.7240866666666665
2019-07-14T13:27:32.012Z 51.928466666666665, 7.70742
